

v + ones(length(v), 1)  
% v + 1  % same

c =
   1   1
   2   2

>> c+eye(2)
ans =

   2   1
   2   3
   
a= magic(4)
a =

   16    2    3   13
    5   11   10    8
    9    7    6   12
    4   14   15    1
    
[r,c]=find(a>7)
r =

   1
   3
   2
   4
   2
   4
   1
   2
   3    
   
c =

   1
   1
   2
   2
   3
   3
   4
   4
   4   
